257 1

0.432900
0.417100
0.433400
0.467600
0.430100
0.396200
0.407400
0.400900
0.369700
0.363100
0.346100
0.298500
0.291400
0.356100
0.311900
0.379600
0.333200
0.280600
0.262000
0.279200
0.284000
0.295600
0.359200
0.360900
0.371500
0.404500
0.348900
0.343700
0.371700
0.318600
0.277400
0.275600
0.326500
0.305900
0.386900
0.366700
0.410800
0.430200
0.382400
0.322400
0.305900
0.362600
0.388500
0.379800
0.352300
0.341300
0.328400
0.319200
0.321400
0.303900
0.293400
0.298500
0.330800
0.303500
0.308500
0.317800
0.324300
0.276000
0.279000
0.311600
0.381500
0.293900
0.271900
0.312200
0.570600
0.565100
0.694000
0.737600
0.743300
0.683600
0.726600
0.635000
0.665000
0.719400
0.623200
0.598200
0.581400
0.535600
0.481300
0.591200
0.609800
0.602100
0.546800
0.442000
0.429800
0.458700
0.466900
0.351100
0.395600
0.331200
0.273800
0.318000
0.412300
0.427900
0.452500
0.432300
0.348800
0.380800
0.401700
0.559900
0.416600
0.363300
0.397900
0.337100
0.315900
0.345800
0.310400
0.284100
0.292600
0.266200
0.323500
0.278300
0.405300
0.328700
0.304100
0.319900
0.356000
0.329800
0.292200
0.301000
0.272000
0.256200
0.271400
0.281000
0.350100
0.401600
0.354100
0.383200
0.407700
0.329800
0.328800
0.309500
0.414500
0.288100
0.296600
0.294600
0.389200
0.354100
0.396300
0.354500
0.334800
0.376500
0.334900
0.326800
0.403500
0.433800
0.379100
0.440800
0.410800
0.396800
0.357600
0.318100
0.253900
0.274900
0.267100
0.398000
0.376000
0.287100
0.355200
0.297500
0.282100
0.307600
0.322500
0.451200
0.429300
0.395700
0.446400
0.465300
0.459100
0.486200
0.481500
0.421200
0.366300
0.359600
0.362200
0.421100
0.473900
0.513800
0.505900
0.475900
0.481400
0.465000
0.435700
0.479900
0.497200
0.482200
0.472500
0.459300
0.451800
0.428300
0.433600
0.433600
0.417300
0.437400
0.452100
0.451000
0.448900
0.476500
0.500800
0.484700
0.506300
0.515700
0.538300
0.529200
0.501700
0.458100
0.466700
0.416700
0.404000
0.440900
0.462300
0.444900
0.447200
0.416800
0.365900
0.384200
0.336800
0.332500
0.358700
0.352600
0.380000
0.339900
0.414000
0.430800
0.373400
0.340600
0.334000
0.316900
0.331200
0.321400
0.346600
0.329200
0.301600
0.252800
0.217300
0.200300
0.195700
0.203500
0.188900
0.208700
0.166000
0.178300
0.178900
0.225200
0.215600
0.251100
0.230100
0.190100
0.197700
0.205300
0.259500
0.266100
0.261000
0.269300
0.323600
0.346600
0.252700
